14445273,2957
Up
112
1001
5
1001
111
2
1001
61
connections
0,2631575
link
2,10526
bias
0,421052
node
0,526315
enable
0,210526
disable
0,421052
step
0,105263
done
1
42 1000000 0,738504103728805 2 True
776
62
connections
0,249999625
link
1,999997
bias
0,3999994
node
0,49999925
enable
0,1999997
disable
0,3999994
step
0,09999985
done
5
42 62 1 294 True
42 1000000 0,738504103728805 2 False
16 1000000 -0,949705006065641 292 True
61 1000000 -0,949705006065641 293 False
62 1000000 0,738504103728805 295 True
80
0
2
80
62
connections
0,26315710526375
link
2,10525684211
bias
0,421051368422
node
0,5263142105275
enable
0,210525684211
disable
0,421051368422
step
0,105263
done
1
55 1000000 1,59932580199061 283 True
0
63
connections
0,249999250000562
link
1,9999940000045
bias
0,3999988000009
node
0,499998500001125
enable
0,19999940000045
disable
0,3999988000009
step
0,09999985
done
5
55 63 1 298 True
55 1000000 1,59932580199061 283 False
16 1000000 -0,949705006065641 296 True
61 1000000 -0,949705006065641 297 False
63 1000000 1,59932580199061 299 True
79
0
1
79
62
connections
0,26315710526375
link
2,10525684211
bias
0,421051368422
node
0,5263142105275
enable
0,210525684211
disable
0,421051368422
step
0,105263
done
1
55 1000000 1,59932580199061 284 True
79
0
3
79
62
connections
0,26315710526375
link
2,10525684211
bias
0,421051368422
node
0,5263142105275
enable
0,210525684211
disable
0,421051368422
step
0,105263
done
1
55 1000000 1,59932580199061 285 True
0
62
connections
0,277007063713781
link
2,21605650971025
bias
0,44321130194205
node
0,554014127427562
enable
0,221605650971025
disable
0,44321130194205
step
0,11080299169
done
2
55 1000000 1,59932580199061 285 True
38 1000000 0,485515102038865 304 True
0
62
connections
0,277007063713781
link
2,21605650971025
bias
0,44321130194205
node
0,554014127427562
enable
0,221605650971025
disable
0,44321130194205
step
0,11080299169
done
2
55 1000000 1,59932580199061 285 True
38 1000000 0,485515102038865 305 True
79
0
2
79
62
connections
0,26315710526375
link
2,10525684211
bias
0,421051368422
node
0,5263142105275
enable
0,210525684211
disable
0,421051368422
step
0,105263
done
1
55 1000000 1,59932580199061 287 True
0
63
connections
0,249999250000562
link
1,9999940000045
bias
0,3999988000009
node
0,499998500001125
enable
0,19999940000045
disable
0,3999988000009
step
0,09999985
done
5
55 1000000 1,59932580199061 287 False
16 1000000 -0,949705006065641 300 True
61 1000000 -0,949705006065641 301 False
55 63 1 302 True
63 1000000 1,59932580199061 303 True
